         8          0.000000284
        16          0.000000182
        32          0.000000208
        64          0.000000196
       128          0.000000229
       256          0.000000241
       512          0.000000327
      1024          0.000000333
      2048          0.000000464
      4096          0.000001623
      8192          0.000001737
     16384          0.000002656
     32768          0.000004067
     65536          0.000007008
    131072          0.000010761
    262144          0.000016767
    524288          0.000032465
   1048576          0.000066943
   2097152          0.000109521
   4194304          0.000222455
   8388608          0.000499093
  16777216          0.001317535
  33554432          0.003116157
  67108864          0.006533401
 134217728          0.013691330
 268435456          0.028419711
 536870912          0.055759750
1073741824          0.112247911