         8          0.000000470
        16          0.000000288
        32          0.000000285
        64          0.000000295
       128          0.000000327
       256          0.000000347
       512          0.000000505
      1024          0.000000573
      2048          0.000000770
      4096          0.000002383
      8192          0.000003100
     16384          0.000004045
     32768          0.000005771
     65536          0.000008382
    131072          0.000014476
    262144          0.000046524
    524288          0.000061146
   1048576          0.000130532
   2097152          0.000230528
   4194304          0.000433997
   8388608          0.000955522
  16777216          0.002814994
  33554432          0.005366594
  67108864          0.011945739
 134217728          0.024406941
 268435456          0.044273302
 536870912          0.102265745
1073741824          0.208646393